6.657481986207326773e-05 3.317000000000000171e+00 2.099999999999999922e-01 1.829999999999999960e-01
8.159245488269357917e-05 4.424999999999999822e+00 2.159999999999999976e-01 2.989999999999999880e-01
9.956804960343590763e-05 4.442000000000000171e+00 3.130000000000000004e-01 2.999999999999999889e-01
1.220309521837355542e-04 4.947000000000000064e+00 4.189999999999999836e-01 4.159999999999999809e-01
1.495581209377908082e-04 5.160000000000000142e+00 4.550000000000000155e-01 4.129999999999999782e-01
1.840941550643670978e-04 5.041999999999999815e+00 4.969999999999999973e-01 4.660000000000000253e-01
2.246466775991865623e-04 4.017999999999999794e+00 4.520000000000000129e-01 4.570000000000000173e-01
2.753277590705703040e-04 5.278999999999999915e+00 5.929999999999999716e-01 6.229999999999999982e-01
3.374426709754133860e-04 4.474000000000000199e+00 6.530000000000000249e-01 6.840000000000000524e-01
4.117750228860732114e-04 4.440000000000000391e+00 7.479999999999999982e-01 7.980000000000000426e-01
5.046729179531202637e-04 5.118000000000000327e+00 9.599999999999999645e-01 1.014000000000000012e+00
6.185146632603291672e-04 5.990999999999999659e+00 1.215999999999999970e+00 1.187000000000000055e+00
7.580537491482207402e-04 4.062999999999999723e+00 1.177999999999999936e+00 1.173999999999999932e+00
9.250602081500799729e-04 5.525999999999999801e+00 1.631999999999999895e+00 1.542000000000000037e+00
1.274265720073915545e-03 1.129700000000000060e+01 1.868000000000000105e+00 1.879000000000000004e+00
2.042443257769054922e-03 8.865000000000000213e+00 2.347999999999999865e+00 2.430000000000000160e+00
3.273708454594766951e-03 1.416900000000000048e+01 4.298000000000000043e+00 4.306000000000000050e+00
5.224443056820377018e-03 3.116199999999999903e+01 8.946999999999999176e+00 9.003999999999999559e+00
8.337771712383632017e-03 3.151800000000000068e+01 1.276399999999999935e+01 1.286299999999999955e+01
1.336410871806836646e-02 8.498900000000000432e+01 2.995400000000000063e+01 3.017099999999999937e+01
2.132799351411533012e-02 8.595900000000000318e+01 4.293900000000000006e+01 4.325900000000000034e+01
8.706628217330866781e-02 3.550679999999999836e+02 2.505449999999999875e+02 1.429919999999999902e+02
