1.930100841159409754e-05 1.931999999999999940e+00 1.670000000000000095e-01 1.469999999999999918e-01
2.240319711267687395e-05 2.115000000000000213e+00 1.150000000000000050e-01 1.310000000000000053e-01
2.600399057740219029e-05 2.458000000000000185e+00 1.729999999999999871e-01 1.749999999999999889e-01
3.005176610247368968e-05 2.588999999999999968e+00 2.230000000000000038e-01 2.079999999999999905e-01
3.488188934073285248e-05 3.100999999999999979e+00 2.310000000000000109e-01 2.640000000000000124e-01
4.048834267610570140e-05 3.061999999999999833e+00 1.910000000000000031e-01 1.900000000000000022e-01
4.699590313600029100e-05 3.266000000000000014e+00 2.169999999999999984e-01 2.179999999999999993e-01
5.454940275616027316e-05 3.499000000000000110e+00 2.740000000000000213e-01 2.650000000000000133e-01
6.331695195733684012e-05 3.528999999999999915e+00 2.909999999999999809e-01 2.680000000000000160e-01
7.746401447537536850e-05 3.513999999999999790e+00 2.760000000000000231e-01 2.989999999999999880e-01
9.988953697090691283e-05 3.411000000000000032e+00 2.680000000000000160e-01 2.740000000000000213e-01
1.288101245019826794e-04 3.717000000000000082e+00 3.360000000000000209e-01 2.989999999999999880e-01
1.668322473138704508e-04 3.576999999999999957e+00 3.780000000000000027e-01 3.719999999999999973e-01
2.160727503393287160e-04 3.654999999999999805e+00 3.300000000000000155e-01 3.280000000000000138e-01
2.786313633709307258e-04 3.608000000000000096e+00 3.820000000000000062e-01 3.750000000000000000e-01
3.577255828855122988e-04 4.052999999999999936e+00 4.749999999999999778e-01 4.600000000000000200e-01
4.633082141211787445e-04 4.304999999999999716e+00 5.689999999999999503e-01 5.719999999999999529e-01
5.974478464258168881e-04 4.533000000000000362e+00 7.159999999999999698e-01 6.690000000000000391e-01
1.326783310724159943e-03 8.794000000000000483e+00 7.940000000000000391e-01 8.309999999999999609e-01
5.074345103197855714e-03 2.325300000000000011e+01 3.334999999999999964e+00 3.201999999999999957e+00
1.940707123629270905e-02 8.343999999999999773e+01 1.643100000000000094e+01 1.608599999999999852e+01
7.422325567356161113e-02 1.611990000000000123e+02 6.118099999999999739e+01 6.134599999999999653e+01
