1.258925411794166101e-08 2.928099999999999887e-03
1.995262314968878641e-08 4.576560000000000350e-03
3.162277660168379191e-08 7.237790000000000022e-03
5.011872336272724970e-08 1.172899999999999984e-02
7.943282347242821957e-08 1.935519999999999949e-02
1.258925411794166167e-07 3.199319999999999942e-02
1.995262314968878707e-07 5.288009999999999933e-02
3.162277660168379191e-07 8.687440000000000440e-02
5.011872336272724970e-07 1.416570000000000051e-01
7.943282347242821957e-07 2.269770000000000121e-01
1.258925411794166114e-06 3.534169999999999812e-01
1.995262314968878707e-06 5.349639999999999951e-01
3.162277660168379191e-06 7.828929999999999501e-01
5.011872336272724970e-06 1.113650000000000029e+00
7.943282347242821745e-06 1.536529999999999951e+00
1.258925411794166114e-05 2.036200000000000010e+00
1.995262314968878622e-05 2.605919999999999792e+00
3.162277660168379530e-05 3.170659999999999812e+00
5.011872336272725140e-05 3.713989999999999903e+00
7.943282347242822084e-05 4.121120000000000339e+00
1.258925411794167436e-04 4.496439999999999770e+00
1.995262314968878758e-04 4.663050000000000139e+00
3.162277660168379394e-04 4.763399999999999856e+00
5.011872336272725275e-04 4.829010000000000247e+00
7.943282347242813140e-04 5.939320000000000377e+00
1.258925411794167490e-03 7.219540000000000290e+00
1.995262314968878920e-03 9.855919999999999348e+00
3.162277660168379394e-03 1.326079999999999970e+01
5.011872336272724625e-03 2.103829999999999956e+01
7.943282347242813790e-03 2.701119999999999877e+01
1.258925411794167490e-02 3.983529999999999660e+01
1.995262314968879874e-02 5.960860000000000269e+01
3.162277660168379134e-02 6.434669999999999845e+01
5.011872336272722023e-02 8.152400000000000091e+01
7.943282347242813790e-02 6.845510000000000161e+01
1.258925411794167282e-01 1.356250000000000000e+02
1.995262314968879735e-01 1.970699999999999932e+02
3.162277660168379412e-01 2.962690000000000055e+02
