4.771099853515625000e+01 1.487251953125000000e+03 5.130699920654296875e+01
7.647200012207031250e+01 2.042917968750000000e+03 5.506399917602539062e+01
1.059169998168945312e+02 2.960235107421875000e+03 6.533499908447265625e+01
1.356049957275390625e+02 3.868375976562500000e+03 7.729599761962890625e+01
1.654060058593750000e+02 4.886579101562500000e+03 8.696800231933593750e+01
1.952669982910156250e+02 5.464150878906250000e+03 9.090000152587890625e+01
2.251649932861328125e+02 5.786166992187500000e+03 8.743099975585937500e+01
2.550870056152343750e+02 5.366121093750000000e+03 7.718000030517578125e+01
2.850249938964843750e+02 4.627076171875000000e+03 6.270399856567382812e+01
3.149750061035156250e+02 3.600452880859375000e+03 4.728699874877929688e+01
3.449339904785156250e+02 2.630058105468750000e+03 3.395899963378906250e+01
3.748989868164062500e+02 2.030650024414062500e+03 2.487100028991699219e+01
4.048699951171875000e+02 1.750862060546875000e+03 2.074699974060058594e+01
4.348439941406250000e+02 1.784114013671875000e+03 2.069899940490722656e+01
4.648219909667968750e+02 2.159716064453125000e+03 2.277799987792968750e+01
4.948030090332031250e+02 2.419459960937500000e+03 2.499900054931640625e+01
5.247849731445312500e+02 2.571105957031250000e+03 2.594499969482421875e+01
5.547700195312500000e+02 2.542552978515625000e+03 2.506900024414062500e+01
5.847559814453125000e+02 2.358374023437500000e+03 2.274099922180175781e+01
6.147440185546875000e+02 2.092940917968750000e+03 1.986400032043457031e+01
6.447319946289062500e+02 1.882165039062500000e+03 1.750600051879882812e+01
6.747219848632812500e+02 1.811399047851562500e+03 1.642499923706054688e+01
7.047119750976562500e+02 1.881812011718750000e+03 1.678599929809570312e+01
7.347039794921875000e+02 2.094279052734375000e+03 1.814500045776367188e+01
7.646959838867187500e+02 2.315466064453125000e+03 1.970999908447265625e+01
7.946879882812500000e+02 2.463086914062500000e+03 2.067300033569335938e+01
8.246820068359375000e+02 2.518245117187500000e+03 2.048500061035156250e+01
8.546749877929687500e+02 2.390562011718750000e+03 1.901000022888183594e+01
8.846690063476562500e+02 2.081479980468750000e+03 1.655999946594238281e+01
9.146640014648437500e+02 1.738793945312500000e+03 1.372900009155273438e+01
9.446589965820312500e+02 1.415485961914062500e+03 1.114000034332275391e+01
9.746539916992187500e+02 1.171527954101562500e+03 9.284999847412109375e+00
1.004648986816406250e+03 1.060363037109375000e+03 8.371999740600585938e+00
1.034645019531250000e+03 1.046307006835937500e+03 8.284000396728515625e+00
1.064640991210937500e+03 1.130338012695312500e+03 8.657999992370605469e+00
1.094636962890625000e+03 1.208609008789062500e+03 9.074000358581542969e+00
1.124633056640625000e+03 1.229251953125000000e+03 9.213000297546386719e+00
1.154630004882812500e+03 1.203915039062500000e+03 8.932999610900878906e+00
1.184625976562500000e+03 1.114668945312500000e+03 8.272999763488769531e+00
1.214623046875000000e+03 9.660750122070312500e+02 7.458000183105468750e+00
1.244619995117187500e+03 8.631270141601562500e+02 6.558000087738037109e+00
1.274618041992187500e+03 7.606939697265625000e+02 5.900000095367431641e+00
1.304614990234375000e+03 7.302210083007812500e+02 5.596000194549560547e+00
1.334612060546875000e+03 7.357550048828125000e+02 5.618999958038330078e+00
1.364609985351562500e+03 7.727150268554687500e+02 5.831999778747558594e+00
1.394607055664062500e+03 8.047269897460937500e+02 6.053999900817871094e+00
1.424604980468750000e+03 8.064329833984375000e+02 6.131000041961669922e+00
1.454603027343750000e+03 7.759710083007812500e+02 5.982999801635742188e+00
1.484600952148437500e+03 7.272180175781250000e+02 5.617000102996826172e+00
1.514598999023437500e+03 6.468189697265625000e+02 5.116000175476074219e+00
1.544597045898437500e+03 5.502570190429687500e+02 4.598000049591064453e+00
1.574594970703125000e+03 4.751329956054687500e+02 4.173999786376953125e+00
1.604593017578125000e+03 4.179219970703125000e+02 3.914000034332275391e+00
1.634592041015625000e+03 3.937279968261718750e+02 3.832000017166137695e+00
1.664589965820312500e+03 3.896619873046875000e+02 3.888999938964843750e+00
1.694588012695312500e+03 3.911189880371093750e+02 4.019000053405761719e+00
1.724587036132812500e+03 3.977269897460937500e+02 4.153999805450439453e+00
1.754584960937500000e+03 3.825339965820312500e+02 4.245999813079833984e+00
1.784583984375000000e+03 3.725090026855468750e+02 4.281000137329101562e+00
1.814583007812500000e+03 3.404830017089843750e+02 4.278999805450439453e+00
1.844581054687500000e+03 3.072189941406250000e+02 4.272999763488769531e+00
1.874579956054687500e+03 2.726459960937500000e+02 4.304999828338623047e+00
1.904578979492187500e+03 2.475890045166015625e+02 4.402999877929687500e+00
1.934577026367187500e+03 2.420019989013671875e+02 4.578000068664550781e+00
1.964576049804687500e+03 2.329589996337890625e+02 4.822000026702880859e+00
1.994574951171875000e+03 2.342129974365234375e+02 5.230999946594238281e+00
2.024573974609375000e+03 2.294539947509765625e+02 5.684999942779541016e+00
2.054572998046875000e+03 2.204459991455078125e+02 6.012000083923339844e+00
2.084572021484375000e+03 2.159819946289062500e+02 6.342000007629394531e+00
2.114571044921875000e+03 1.969380035400390625e+02 6.681000232696533203e+00
2.144570068359375000e+03 1.764259948730468750e+02 7.044000148773193359e+00
2.174569091796875000e+03 1.524450073242187500e+02 7.449999809265136719e+00
2.204568115234375000e+03 1.398719940185546875e+02 7.914999961853027344e+00
2.234566894531250000e+03 1.236669998168945312e+02 8.451000213623046875e+00
2.264565917968750000e+03 1.172549972534179688e+02 9.062000274658203125e+00
2.294564941406250000e+03 1.165329971313476562e+02 9.746000289916992188e+00
2.324563964843750000e+03 1.093889999389648438e+02 1.049899959564208984e+01
2.354563964843750000e+03 1.128219985961914062e+02 1.132100009918212891e+01
2.384562988281250000e+03 1.141309967041015625e+02 1.220899963378906250e+01
2.414562011718750000e+03 8.793099975585937500e+01 1.316800022125244141e+01
2.444561035156250000e+03 9.758599853515625000e+01 1.421199989318847656e+01
2.474561035156250000e+03 7.311299896240234375e+01 1.534399986267089844e+01
2.499023925781250000e+03 6.402700042724609375e+01 2.073600006103515625e+01
